6;Varga Júlia#2021. 10. 03.;2021. 03. 14.;2022. 03. 16.;2;12000;teljesült
3;Varga Júlia#2021. 10. 03.;2024. 06. 12.;2024. 06. 21.;3;36000;lemondott
3;Varga Júlia#2021. 10. 03.;2024. 06. 12.;2024. 06. 21.;3;324000;lemondott
3;Varga Júlia#2021. 10. 03.;2021. 03. 14.;2022. 03. 16.;2;8808000;teljesült
4;Varga Júlia#2021. 10. 03.;2024. 06. 12.;2024. 06. 21.;2;135000;teljesült
4;Varga Júlia#2021. 10. 03.;2024. 06. 12.;2024. 06. 21.;2;135000;teljesült
4;Varga Júlia#2021. 10. 03.;2024. 06. 12.;2024. 06. 21.;2;135000;előjegyzett
4;Varga Júlia#2021. 10. 03.;2024. 06. 12.;2024. 06. 21.;2;135000;teljesült
4;Kiss István#2023. 02. 12.;2024. 06. 12.;2024. 06. 21.;2;135000;teljesült
4;Kiss István#2023. 02. 12.;2024. 06. 12.;2024. 06. 21.;2;135000;teljesült
